170 7
180 2
163 9
181 14
154 7
121 1
177 2
67 6
66 14
169 11
63 3
59 11
195 7
51 14
186 13
91 1
166 3
119 8
191 10
118 2
94 13
175 3
59 13
161 2
44 7
85 13
117 6
60 3
165 0
97 11
122 9
142 3
164 10
42 3
194 12
142 13
52 8
67 10
176 2
145 8
65 12
67 3
41 8
131 10
144 5
159 6
43 14
129 14
65 5
92 9
57 10
100 2
122 1
102 9
157 13
51 12
155 2
121 4
75 3
87 5
118 4
172 4
61 7
116 3
73 14
150 1
133 13
183 13
174 9
172 14
67 6
89 1
126 4
196 2
89 8
74 13
63 10
163 1
187 13
157 8
144 2
159 8
188 6
159 2
62 4
134 13
127 11
87 8
96 1
128 6
180 9
95 5
179 14
158 1
92 2
117 10
137 0
145 13
141 9
124 5
79 1
192 2
151 5
130 9
109 6
147 6
135 1
100 5
53 4
66 2
176 0
43 4
68 7
96 10
155 11
138 1
160 13
118 7
152 3
112 8
118 8
184 2
146 7
117 6
124 5
57 9
79 9
52 7
122 0
107 9
164 0
99 13
152 11
188 14
43 2
105 8
135 10
89 8
160 9
161 4
76 12
142 12
124 4
81 0
167 5
58 2
111 2
43 3
99 10
163 3
80 3
68 6
182 9
115 8
176 12
47 12
188 12
164 1
113 5
114 1
83 14
114 10
167 7
59 8
105 9
60 14
121 14
91 11
178 12
54 3
73 10
74 6
120 10
128 5
111 9
67 6
173 12
149 6
113 5
49 0
199 6
97 13
174 12
110 1
168 5
184 8
104 8
78 14
197 11
59 13
67 2
114 13
62 2
123 14
86 0
113 10
101 3
75 2
103 2
105 0
135 9
114 14
70 13
138 9
142 1
59 5
180 3
110 6
49 0
40 8
157 7
190 4
165 0
183 7
113 13
123 12
98 12
117 8
157 11
165 10
132 13
161 7
192 13
43 9
78 0
122 13
99 4
174 11
160 3
102 8
179 1
107 2
197 2
74 0
55 3
52 13
180 14
41 10
132 10
130 4
192 9
173 12
154 5
49 4
129 3
86 7
191 10
120 12
120 4
101 1
118 11
43 0
167 13
151 12
44 4
152 1
68 2
53 11
153 13
196 1
194 2
114 9
170 8
129 6
175 6
147 14
98 14
164 7
82 14
85 0
129 11
136 11
47 0
197 7
84 7
77 14
144 6
99 13
114 2
92 11
106 4
163 5
148 1
113 3
79 5
114 7
167 5
58 1
94 10
102 14
84 0
57 7
124 2
178 5
71 8
116 4
154 13
185 7
107 1
146 3
123 11
191 10
142 0
194 3
193 7
64 11
175 7
61 12
109 4
188 2
87 11
195 4
131 11
148 9
96 14
55 13
61 4
155 4
152 1
76 1
141 3
187 6
93 10
139 13
55 2
106 0
69 0
128 14
171 1
89 6
125 6
182 9
162 6
86 0
93 13
79 10
62 10
116 0
164 3
185 11
91 7
182 4
76 8
118 9
156 3
90 4
94 12
101 0
133 8
124 9
159 8
66 0
50 10
169 2
98 11
67 10
96 4
98 10
199 11
124 12
194 10
116 10
111 12
111 13
76 12
147 4
174 10
116 0
62 12
88 2
48 12
199 4
170 1
115 6
62 1
177 6
143 12
58 14
125 7
176 2
70 2
105 13
142 8
108 9
45 8
150 2
195 12
91 14
56 10
158 13
141 7
186 2
91 8
125 13
171 7
162 7
95 13
165 0
69 8
67 4
199 0
165 12
53 14
165 2
105 1
76 4
79 3
82 14
79 6
99 4
107 7
116 0
175 6
188 14
189 2
196 3
93 4
171 12
79 0
102 1
116 2
154 9
87 0
193 8
56 1
132 4
72 1
157 3
98 11
177 0
79 11
110 4
191 1
102 11
144 5
182 4
124 5
111 10
76 7
121 13
185 1
74 0
128 13
175 9
159 2
52 11
179 8
196 8
147 5
148 12
92 6
139 8
133 8
193 3
136 6
84 13
53 10
101 4
173 2
181 0
68 0
112 6
117 5
69 6
147 0
56 13
158 10
175 2
195 7
67 11
148 6
168 4
42 8
193 8
122 13
117 1
168 0
75 14
107 7
156 2
150 6
161 6
175 14
199 5
135 10
54 11
125 6
54 11
128 0
43 4
172 12
184 7
125 9
60 7
121 8
76 3
80 13
159 14
187 14
46 13
